Line	OP	R	L	M
0	inc	0	0	6
1	lit	0	0	6
2	sto	0	0	4
3	lod	0	0	4
4	lit	1	0	0
5	gtr	0	0	1
6	jpc	0	0	17
7	lod	0	0	4
8	mul	0	0	0
9	sto	0	0	5
10	lod	0	0	4
11	lit	1	0	1
12	sub	0	0	1
13	sto	0	0	4
14	lod	0	0	5
15	sio	0	0	1
16	jmp	0	0	3
17	lod	0	0	4
18	sio	0	0	1
19	lod	0	0	5
20	sio	0	0	1
21	rtn	0	0	0

Inital Values				pc	bp	sp	
0	inc	0	0	6	1	1	6	0	0	0	0	0	0
1	lit	0	0	6	2	1	6	0	0	0	0	0	0
2	sto	0	0	4	3	1	6	0	0	0	0	6	0
3	lod	0	0	4	4	1	6	0	0	0	0	6	0
4	lit	1	0	0	5	1	6	0	0	0	0	6	0
5	gtr	0	0	1	6	1	6	0	0	0	0	6	0
6	jpc	0	0	17	7	1	6	0	0	0	0	6	0
7	lod	0	0	4	8	1	6	0	0	0	0	6	0
8	mul	0	0	0	9	1	6	0	0	0	0	6	0
9	sto	0	0	5	10	1	6	0	0	0	0	6	36
10	lod	0	0	4	11	1	6	0	0	0	0	6	36
11	lit	1	0	1	12	1	6	0	0	0	0	6	36
12	sub	0	0	1	13	1	6	0	0	0	0	6	36
13	sto	0	0	4	14	1	6	0	0	0	0	5	36
14	lod	0	0	5	15	1	6	0	0	0	0	5	36
15	sio	0	0	1	16	1	6	0	0	0	0	5	36
16	jmp	0	0	3	3	1	6	0	0	0	0	5	36
3	lod	0	0	4	4	1	6	0	0	0	0	5	36
4	lit	1	0	0	5	1	6	0	0	0	0	5	36
5	gtr	0	0	1	6	1	6	0	0	0	0	5	36
6	jpc	0	0	17	7	1	6	0	0	0	0	5	36
7	lod	0	0	4	8	1	6	0	0	0	0	5	36
8	mul	0	0	0	9	1	6	0	0	0	0	5	36
9	sto	0	0	5	10	1	6	0	0	0	0	5	25
10	lod	0	0	4	11	1	6	0	0	0	0	5	25
11	lit	1	0	1	12	1	6	0	0	0	0	5	25
12	sub	0	0	1	13	1	6	0	0	0	0	5	25
13	sto	0	0	4	14	1	6	0	0	0	0	4	25
14	lod	0	0	5	15	1	6	0	0	0	0	4	25
15	sio	0	0	1	16	1	6	0	0	0	0	4	25
16	jmp	0	0	3	3	1	6	0	0	0	0	4	25
3	lod	0	0	4	4	1	6	0	0	0	0	4	25
4	lit	1	0	0	5	1	6	0	0	0	0	4	25
5	gtr	0	0	1	6	1	6	0	0	0	0	4	25
6	jpc	0	0	17	7	1	6	0	0	0	0	4	25
7	lod	0	0	4	8	1	6	0	0	0	0	4	25
8	mul	0	0	0	9	1	6	0	0	0	0	4	25
9	sto	0	0	5	10	1	6	0	0	0	0	4	16
10	lod	0	0	4	11	1	6	0	0	0	0	4	16
11	lit	1	0	1	12	1	6	0	0	0	0	4	16
12	sub	0	0	1	13	1	6	0	0	0	0	4	16
13	sto	0	0	4	14	1	6	0	0	0	0	3	16
14	lod	0	0	5	15	1	6	0	0	0	0	3	16
15	sio	0	0	1	16	1	6	0	0	0	0	3	16
16	jmp	0	0	3	3	1	6	0	0	0	0	3	16
3	lod	0	0	4	4	1	6	0	0	0	0	3	16
4	lit	1	0	0	5	1	6	0	0	0	0	3	16
5	gtr	0	0	1	6	1	6	0	0	0	0	3	16
6	jpc	0	0	17	7	1	6	0	0	0	0	3	16
7	lod	0	0	4	8	1	6	0	0	0	0	3	16
8	mul	0	0	0	9	1	6	0	0	0	0	3	16
9	sto	0	0	5	10	1	6	0	0	0	0	3	9
10	lod	0	0	4	11	1	6	0	0	0	0	3	9
11	lit	1	0	1	12	1	6	0	0	0	0	3	9
12	sub	0	0	1	13	1	6	0	0	0	0	3	9
13	sto	0	0	4	14	1	6	0	0	0	0	2	9
14	lod	0	0	5	15	1	6	0	0	0	0	2	9
15	sio	0	0	1	16	1	6	0	0	0	0	2	9
16	jmp	0	0	3	3	1	6	0	0	0	0	2	9
3	lod	0	0	4	4	1	6	0	0	0	0	2	9
4	lit	1	0	0	5	1	6	0	0	0	0	2	9
5	gtr	0	0	1	6	1	6	0	0	0	0	2	9
6	jpc	0	0	17	7	1	6	0	0	0	0	2	9
7	lod	0	0	4	8	1	6	0	0	0	0	2	9
8	mul	0	0	0	9	1	6	0	0	0	0	2	9
9	sto	0	0	5	10	1	6	0	0	0	0	2	4
10	lod	0	0	4	11	1	6	0	0	0	0	2	4
11	lit	1	0	1	12	1	6	0	0	0	0	2	4
12	sub	0	0	1	13	1	6	0	0	0	0	2	4
13	sto	0	0	4	14	1	6	0	0	0	0	1	4
14	lod	0	0	5	15	1	6	0	0	0	0	1	4
15	sio	0	0	1	16	1	6	0	0	0	0	1	4
16	jmp	0	0	3	3	1	6	0	0	0	0	1	4
3	lod	0	0	4	4	1	6	0	0	0	0	1	4
4	lit	1	0	0	5	1	6	0	0	0	0	1	4
5	gtr	0	0	1	6	1	6	0	0	0	0	1	4
6	jpc	0	0	17	7	1	6	0	0	0	0	1	4
7	lod	0	0	4	8	1	6	0	0	0	0	1	4
8	mul	0	0	0	9	1	6	0	0	0	0	1	4
9	sto	0	0	5	10	1	6	0	0	0	0	1	1
10	lod	0	0	4	11	1	6	0	0	0	0	1	1
11	lit	1	0	1	12	1	6	0	0	0	0	1	1
12	sub	0	0	1	13	1	6	0	0	0	0	1	1
13	sto	0	0	4	14	1	6	0	0	0	0	0	1
14	lod	0	0	5	15	1	6	0	0	0	0	0	1
15	sio	0	0	1	16	1	6	0	0	0	0	0	1
16	jmp	0	0	3	3	1	6	0	0	0	0	0	1
3	lod	0	0	4	4	1	6	0	0	0	0	0	1
4	lit	1	0	0	5	1	6	0	0	0	0	0	1
5	gtr	0	0	1	6	1	6	0	0	0	0	0	1
6	jpc	0	0	17	17	1	6	0	0	0	0	0	1
17	lod	0	0	4	18	1	6	0	0	0	0	0	1
18	sio	0	0	1	19	1	6	0	0	0	0	0	1
19	lod	0	0	5	20	1	6	0	0	0	0	0	1
20	sio	0	0	1	21	1	6	0	0	0	0	0	1
21	rtn	0	0	0	0	0	0	0	0	0
SIO Output: 36 25 16 9 4 1 0 1 
