The input file(hex):
ABCDEF1357ABCDEF1357ABCDEF1357ABCDEF13571F0D
The input file(bin):
1010 1011 1100 1101 1110 1111 0001 0011 0101 0111 1010 1011 1100 1101 1110 1111 
0001 0011 0101 0111 1010 1011 1100 1101 1110 1111 0001 0011 0101 0111 1010 1011 
1100 1101 1110 1111 0001 0011 0101 0111 0001 1111 0000 1101 
The polynomial that was used: 1 0000 1001 1000 1101 
The 16-bit CRC observed at the end of the file:
0001 1111 0000 1101  (hex) = 1F0D (bin)
The binary string answer at each XOR step of CRC calculation:
1010 1011 1100 1101 1110 1111 0001 0011 0101 0111 1010 1011 1100 1101 1110 1111
0001 0011 0101 0111 1010 1011 1100 1101 1110 1111 0001 0011 0101 0111 1010 1011
1100 1101 1110 1111 0001 0011 0101 0111 0001 1111 0000 1101 

0010 1111 0000 1011 0110 1111 0001 0011 0101 0111 1010 1011 1100 1101 1110 1111
0001 0011 0101 0111 1010 1011 1100 1101 1110 1111 0001 0011 0101 0111 1010 1011
1100 1101 1110 1111 0001 0011 0101 0111 0001 1111 0000 1101 

0000 1110 0011 1010 1100 1111 0001 0011 0101 0111 1010 1011 1100 1101 1110 1111
0001 0011 0101 0111 1010 1011 1100 1101 1110 1111 0001 0011 0101 0111 1010 1011
1100 1101 1110 1111 0001 0011 0101 0111 0001 1111 0000 1101 

0000 0110 0111 0110 1010 0111 0001 0011 0101 0111 1010 1011 1100 1101 1110 1111
0001 0011 0101 0111 1010 1011 1100 1101 1110 1111 0001 0011 0101 0111 1010 1011
1100 1101 1110 1111 0001 0011 0101 0111 0001 1111 0000 1101 

0000 0010 0101 0000 1001 0011 0001 0011 0101 0111 1010 1011 1100 1101 1110 1111
0001 0011 0101 0111 1010 1011 1100 1101 1110 1111 0001 0011 0101 0111 1010 1011
1100 1101 1110 1111 0001 0011 0101 0111 0001 1111 0000 1101 

0000 0000 0100 0011 1000 1001 0001 0011 0101 0111 1010 1011 1100 1101 1110 1111
0001 0011 0101 0111 1010 1011 1100 1101 1110 1111 0001 0011 0101 0111 1010 1011
1100 1101 1110 1111 0001 0011 0101 0111 0001 1111 0000 1101 

0000 0000 0000 0001 1110 1010 0101 0011 0101 0111 1010 1011 1100 1101 1110 1111
0001 0011 0101 0111 1010 1011 1100 1101 1110 1111 0001 0011 0101 0111 1010 1011
1100 1101 1110 1111 0001 0011 0101 0111 0001 1111 0000 1101 

0000 0000 0000 0000 1110 0011 1101 1110 0101 0111 1010 1011 1100 1101 1110 1111
0001 0011 0101 0111 1010 1011 1100 1101 1110 1111 0001 0011 0101 0111 1010 1011
1100 1101 1110 1111 0001 0011 0101 0111 0001 1111 0000 1101 

0000 0000 0000 0000 0110 0111 0001 1000 1101 0111 1010 1011 1100 1101 1110 1111
0001 0011 0101 0111 1010 1011 1100 1101 1110 1111 0001 0011 0101 0111 1010 1011
1100 1101 1110 1111 0001 0011 0101 0111 0001 1111 0000 1101 

0000 0000 0000 0000 0010 0101 0111 1011 1001 0111 1010 1011 1100 1101 1110 1111
0001 0011 0101 0111 1010 1011 1100 1101 1110 1111 0001 0011 0101 0111 1010 1011
1100 1101 1110 1111 0001 0011 0101 0111 0001 1111 0000 1101 

0000 0000 0000 0000 0000 0100 0100 1010 0011 0111 1010 1011 1100 1101 1110 1111
0001 0011 0101 0111 1010 1011 1100 1101 1110 1111 0001 0011 0101 0111 1010 1011
1100 1101 1110 1111 0001 0011 0101 0111 0001 1111 0000 1101 

0000 0000 0000 0000 0000 0000 0110 1100 0000 0011 1010 1011 1100 1101 1110 1111
0001 0011 0101 0111 1010 1011 1100 1101 1110 1111 0001 0011 0101 0111 1010 1011
1100 1101 1110 1111 0001 0011 0101 0111 0001 1111 0000 1101 

0000 0000 0000 0000 0000 0000 0010 1110 0110 0000 1110 1011 1100 1101 1110 1111
0001 0011 0101 0111 1010 1011 1100 1101 1110 1111 0001 0011 0101 0111 1010 1011
1100 1101 1110 1111 0001 0011 0101 0111 0001 1111 0000 1101 

0000 0000 0000 0000 0000 0000 0000 1111 0101 0001 0100 1011 1100 1101 1110 1111
0001 0011 0101 0111 1010 1011 1100 1101 1110 1111 0001 0011 0101 0111 1010 1011
1100 1101 1110 1111 0001 0011 0101 0111 0001 1111 0000 1101 

0000 0000 0000 0000 0000 0000 0000 0111 0001 1101 0010 0011 1100 1101 1110 1111
0001 0011 0101 0111 1010 1011 1100 1101 1110 1111 0001 0011 0101 0111 1010 1011
1100 1101 1110 1111 0001 0011 0101 0111 0001 1111 0000 1101 

0000 0000 0000 0000 0000 0000 0000 0011 0011 1011 0001 0111 1100 1101 1110 1111
0001 0011 0101 0111 1010 1011 1100 1101 1110 1111 0001 0011 0101 0111 1010 1011
1100 1101 1110 1111 0001 0011 0101 0111 0001 1111 0000 1101 

0000 0000 0000 0000 0000 0000 0000 0001 0010 1000 0000 1101 1100 1101 1110 1111
0001 0011 0101 0111 1010 1011 1100 1101 1110 1111 0001 0011 0101 0111 1010 1011
1100 1101 1110 1111 0001 0011 0101 0111 0001 1111 0000 1101 

0000 0000 0000 0000 0000 0000 0000 0000 0010 0001 1000 0000 1100 1101 1110 1111
0001 0011 0101 0111 1010 1011 1100 1101 1110 1111 0001 0011 0101 0111 1010 1011
1100 1101 1110 1111 0001 0011 0101 0111 0001 1111 0000 1101 

0000 0000 0000 0000 0000 0000 0000 0000 0000 0000 1011 0001 0110 1101 1110 1111
0001 0011 0101 0111 1010 1011 1100 1101 1110 1111 0001 0011 0101 0111 1010 1011
1100 1101 1110 1111 0001 0011 0101 0111 0001 1111 0000 1101 

0000 0000 0000 0000 0000 0000 0000 0000 0000 0000 0011 0101 1010 1011 0110 1111
0001 0011 0101 0111 1010 1011 1100 1101 1110 1111 0001 0011 0101 0111 1010 1011
1100 1101 1110 1111 0001 0011 0101 0111 0001 1111 0000 1101 

0000 0000 0000 0000 0000 0000 0000 0000 0000 0000 0001 0100 1001 1010 1100 1111
0001 0011 0101 0111 1010 1011 1100 1101 1110 1111 0001 0011 0101 0111 1010 1011
1100 1101 1110 1111 0001 0011 0101 0111 0001 1111 0000 1101 

0000 0000 0000 0000 0000 0000 0000 0000 0000 0000 0000 0100 0000 0010 0001 1111
0001 0011 0101 0111 1010 1011 1100 1101 1110 1111 0001 0011 0101 0111 1010 1011
1100 1101 1110 1111 0001 0011 0101 0111 0001 1111 0000 1101 

0000 0000 0000 0000 0000 0000 0000 0000 0000 0000 0000 0000 0010 0100 0010 1011
0001 0011 0101 0111 1010 1011 1100 1101 1110 1111 0001 0011 0101 0111 1010 1011
1100 1101 1110 1111 0001 0011 0101 0111 0001 1111 0000 1101 

0000 0000 0000 0000 0000 0000 0000 0000 0000 0000 0000 0000 0000 0101 0001 1010
1011 0011 0101 0111 1010 1011 1100 1101 1110 1111 0001 0011 0101 0111 1010 1011
1100 1101 1110 1111 0001 0011 0101 0111 0001 1111 0000 1101 

0000 0000 0000 0000 0000 0000 0000 0000 0000 0000 0000 0000 0000 0001 0011 1100
1000 0111 0101 0111 1010 1011 1100 1101 1110 1111 0001 0011 0101 0111 1010 1011
1100 1101 1110 1111 0001 0011 0101 0111 0001 1111 0000 1101 

0000 0000 0000 0000 0000 0000 0000 0000 0000 0000 0000 0000 0000 0000 0011 0101
0000 1010 0101 0111 1010 1011 1100 1101 1110 1111 0001 0011 0101 0111 1010 1011
1100 1101 1110 1111 0001 0011 0101 0111 0001 1111 0000 1101 

0000 0000 0000 0000 0000 0000 0000 0000 0000 0000 0000 0000 0000 0000 0001 0100
0011 1011 1111 0111 1010 1011 1100 1101 1110 1111 0001 0011 0101 0111 1010 1011
1100 1101 1110 1111 0001 0011 0101 0111 0001 1111 0000 1101 

0000 0000 0000 0000 0000 0000 0000 0000 0000 0000 0000 0000 0000 0000 0000 0100
1010 0011 0010 0111 1010 1011 1100 1101 1110 1111 0001 0011 0101 0111 1010 1011
1100 1101 1110 1111 0001 0011 0101 0111 0001 1111 0000 1101 

0000 0000 0000 0000 0000 0000 0000 0000 0000 0000 0000 0000 0000 0000 0000 0000
1000 0101 0001 0011 1010 1011 1100 1101 1110 1111 0001 0011 0101 0111 1010 1011
1100 1101 1110 1111 0001 0011 0101 0111 0001 1111 0000 1101 

0000 0000 0000 0000 0000 0000 0000 0000 0000 0000 0000 0000 0000 0000 0000 0000
0000 0001 1101 0101 0010 1011 1100 1101 1110 1111 0001 0011 0101 0111 1010 1011
1100 1101 1110 1111 0001 0011 0101 0111 0001 1111 0000 1101 

0000 0000 0000 0000 0000 0000 0000 0000 0000 0000 0000 0000 0000 0000 0000 0000
0000 0000 1101 1100 1010 0110 1100 1101 1110 1111 0001 0011 0101 0111 1010 1011
1100 1101 1110 1111 0001 0011 0101 0111 0001 1111 0000 1101 

0000 0000 0000 0000 0000 0000 0000 0000 0000 0000 0000 0000 0000 0000 0000 0000
0000 0000 0101 1000 0110 0000 0100 1101 1110 1111 0001 0011 0101 0111 1010 1011
1100 1101 1110 1111 0001 0011 0101 0111 0001 1111 0000 1101 

0000 0000 0000 0000 0000 0000 0000 0000 0000 0000 0000 0000 0000 0000 0000 0000
0000 0000 0001 1010 0000 0011 0000 1101 1110 1111 0001 0011 0101 0111 1010 1011
1100 1101 1110 1111 0001 0011 0101 0111 0001 1111 0000 1101 

0000 0000 0000 0000 0000 0000 0000 0000 0000 0000 0000 0000 0000 0000 0000 0000
0000 0000 0000 1010 1001 1011 1101 1101 1110 1111 0001 0011 0101 0111 1010 1011
1100 1101 1110 1111 0001 0011 0101 0111 0001 1111 0000 1101 

0000 0000 0000 0000 0000 0000 0000 0000 0000 0000 0000 0000 0000 0000 0000 0000
0000 0000 0000 0010 1101 0111 1011 0101 1110 1111 0001 0011 0101 0111 1010 1011
1100 1101 1110 1111 0001 0011 0101 0111 0001 1111 0000 1101 

0000 0000 0000 0000 0000 0000 0000 0000 0000 0000 0000 0000 0000 0000 0000 0000
0000 0000 0000 0000 1100 0100 1010 1111 1110 1111 0001 0011 0101 0111 1010 1011
1100 1101 1110 1111 0001 0011 0101 0111 0001 1111 0000 1101 

0000 0000 0000 0000 0000 0000 0000 0000 0000 0000 0000 0000 0000 0000 0000 0000
0000 0000 0000 0000 0100 0000 0110 1001 0110 1111 0001 0011 0101 0111 1010 1011
1100 1101 1110 1111 0001 0011 0101 0111 0001 1111 0000 1101 

0000 0000 0000 0000 0000 0000 0000 0000 0000 0000 0000 0000 0000 0000 0000 0000
0000 0000 0000 0000 0000 0010 0000 1010 0010 1111 0001 0011 0101 0111 1010 1011
1100 1101 1110 1111 0001 0011 0101 0111 0001 1111 0000 1101 

0000 0000 0000 0000 0000 0000 0000 0000 0000 0000 0000 0000 0000 0000 0000 0000
0000 0000 0000 0000 0000 0000 0001 1001 0011 0101 0001 0011 0101 0111 1010 1011
1100 1101 1110 1111 0001 0011 0101 0111 0001 1111 0000 1101 

0000 0000 0000 0000 0000 0000 0000 0000 0000 0000 0000 0000 0000 0000 0000 0000
0000 0000 0000 0000 0000 0000 0000 1001 1010 1101 1100 0011 0101 0111 1010 1011
1100 1101 1110 1111 0001 0011 0101 0111 0001 1111 0000 1101 

0000 0000 0000 0000 0000 0000 0000 0000 0000 0000 0000 0000 0000 0000 0000 0000
0000 0000 0000 0000 0000 0000 0000 0001 1110 0001 1010 1011 0101 0111 1010 1011
1100 1101 1110 1111 0001 0011 0101 0111 0001 1111 0000 1101 

0000 0000 0000 0000 0000 0000 0000 0000 0000 0000 0000 0000 0000 0000 0000 0000
0000 0000 0000 0000 0000 0000 0000 0000 1110 1000 0010 0110 0101 0111 1010 1011
1100 1101 1110 1111 0001 0011 0101 0111 0001 1111 0000 1101 

0000 0000 0000 0000 0000 0000 0000 0000 0000 0000 0000 0000 0000 0000 0000 0000
0000 0000 0000 0000 0000 0000 0000 0000 0110 1100 1110 0000 1101 0111 1010 1011
1100 1101 1110 1111 0001 0011 0101 0111 0001 1111 0000 1101 

0000 0000 0000 0000 0000 0000 0000 0000 0000 0000 0000 0000 0000 0000 0000 0000
0000 0000 0000 0000 0000 0000 0000 0000 0010 1110 1000 0011 1001 0111 1010 1011
1100 1101 1110 1111 0001 0011 0101 0111 0001 1111 0000 1101 

0000 0000 0000 0000 0000 0000 0000 0000 0000 0000 0000 0000 0000 0000 0000 0000
0000 0000 0000 0000 0000 0000 0000 0000 0000 1111 1011 0010 0011 0111 1010 1011
1100 1101 1110 1111 0001 0011 0101 0111 0001 1111 0000 1101 

0000 0000 0000 0000 0000 0000 0000 0000 0000 0000 0000 0000 0000 0000 0000 0000
0000 0000 0000 0000 0000 0000 0000 0000 0000 0111 1111 1110 0101 1111 1010 1011
1100 1101 1110 1111 0001 0011 0101 0111 0001 1111 0000 1101 

0000 0000 0000 0000 0000 0000 0000 0000 0000 0000 0000 0000 0000 0000 0000 0000
0000 0000 0000 0000 0000 0000 0000 0000 0000 0011 1101 1000 0110 1011 1010 1011
1100 1101 1110 1111 0001 0011 0101 0111 0001 1111 0000 1101 

0000 0000 0000 0000 0000 0000 0000 0000 0000 0000 0000 0000 0000 0000 0000 0000
0000 0000 0000 0000 0000 0000 0000 0000 0000 0001 1100 1011 0111 0001 1010 1011
1100 1101 1110 1111 0001 0011 0101 0111 0001 1111 0000 1101 

0000 0000 0000 0000 0000 0000 0000 0000 0000 0000 0000 0000 0000 0000 0000 0000
0000 0000 0000 0000 0000 0000 0000 0000 0000 0000 1100 0010 1111 1100 1010 1011
1100 1101 1110 1111 0001 0011 0101 0111 0001 1111 0000 1101 

0000 0000 0000 0000 0000 0000 0000 0000 0000 0000 0000 0000 0000 0000 0000 0000
0000 0000 0000 0000 0000 0000 0000 0000 0000 0000 0100 0110 0011 1010 0010 1011
1100 1101 1110 1111 0001 0011 0101 0111 0001 1111 0000 1101 

0000 0000 0000 0000 0000 0000 0000 0000 0000 0000 0000 0000 0000 0000 0000 0000
0000 0000 0000 0000 0000 0000 0000 0000 0000 0000 0000 0100 0101 1001 0110 1011
1100 1101 1110 1111 0001 0011 0101 0111 0001 1111 0000 1101 

0000 0000 0000 0000 0000 0000 0000 0000 0000 0000 0000 0000 0000 0000 0000 0000
0000 0000 0000 0000 0000 0000 0000 0000 0000 0000 0000 0000 0111 1111 0101 1111
1100 1101 1110 1111 0001 0011 0101 0111 0001 1111 0000 1101 

0000 0000 0000 0000 0000 0000 0000 0000 0000 0000 0000 0000 0000 0000 0000 0000
0000 0000 0000 0000 0000 0000 0000 0000 0000 0000 0000 0000 0011 1101 0011 1100
1000 1101 1110 1111 0001 0011 0101 0111 0001 1111 0000 1101 

0000 0000 0000 0000 0000 0000 0000 0000 0000 0000 0000 0000 0000 0000 0000 0000
0000 0000 0000 0000 0000 0000 0000 0000 0000 0000 0000 0000 0001 1100 0000 1101
0010 1101 1110 1111 0001 0011 0101 0111 0001 1111 0000 1101 

0000 0000 0000 0000 0000 0000 0000 0000 0000 0000 0000 0000 0000 0000 0000 0000
0000 0000 0000 0000 0000 0000 0000 0000 0000 0000 0000 0000 0000 1100 1001 0101
1111 1101 1110 1111 0001 0011 0101 0111 0001 1111 0000 1101 

0000 0000 0000 0000 0000 0000 0000 0000 0000 0000 0000 0000 0000 0000 0000 0000
0000 0000 0000 0000 0000 0000 0000 0000 0000 0000 0000 0000 0000 0100 1101 1001
1001 0101 1110 1111 0001 0011 0101 0111 0001 1111 0000 1101 

0000 0000 0000 0000 0000 0000 0000 0000 0000 0000 0000 0000 0000 0000 0000 0000
0000 0000 0000 0000 0000 0000 0000 0000 0000 0000 0000 0000 0000 0000 1111 1111
1010 0001 1110 1111 0001 0011 0101 0111 0001 1111 0000 1101 

0000 0000 0000 0000 0000 0000 0000 0000 0000 0000 0000 0000 0000 0000 0000 0000
0000 0000 0000 0000 0000 0000 0000 0000 0000 0000 0000 0000 0000 0000 0111 1011
0110 0111 0110 1111 0001 0011 0101 0111 0001 1111 0000 1101 

0000 0000 0000 0000 0000 0000 0000 0000 0000 0000 0000 0000 0000 0000 0000 0000
0000 0000 0000 0000 0000 0000 0000 0000 0000 0000 0000 0000 0000 0000 0011 1001
0000 0100 0010 1111 0001 0011 0101 0111 0001 1111 0000 1101 

0000 0000 0000 0000 0000 0000 0000 0000 0000 0000 0000 0000 0000 0000 0000 0000
0000 0000 0000 0000 0000 0000 0000 0000 0000 0000 0000 0000 0000 0000 0001 1000
0011 0101 1000 1111 0001 0011 0101 0111 0001 1111 0000 1101 

0000 0000 0000 0000 0000 0000 0000 0000 0000 0000 0000 0000 0000 0000 0000 0000
0000 0000 0000 0000 0000 0000 0000 0000 0000 0000 0000 0000 0000 0000 0000 1000
1010 1101 0101 1111 0001 0011 0101 0111 0001 1111 0000 1101 

0000 0000 0000 0000 0000 0000 0000 0000 0000 0000 0000 0000 0000 0000 0000 0000
0000 0000 0000 0000 0000 0000 0000 0000 0000 0000 0000 0000 0000 0000 0000 0000
1110 0001 0011 0111 0001 0011 0101 0111 0001 1111 0000 1101 

0000 0000 0000 0000 0000 0000 0000 0000 0000 0000 0000 0000 0000 0000 0000 0000
0000 0000 0000 0000 0000 0000 0000 0000 0000 0000 0000 0000 0000 0000 0000 0000
0110 0101 1111 0001 1001 0011 0101 0111 0001 1111 0000 1101 

0000 0000 0000 0000 0000 0000 0000 0000 0000 0000 0000 0000 0000 0000 0000 0000
0000 0000 0000 0000 0000 0000 0000 0000 0000 0000 0000 0000 0000 0000 0000 0000
0010 0111 1001 0010 1101 0011 0101 0111 0001 1111 0000 1101 

0000 0000 0000 0000 0000 0000 0000 0000 0000 0000 0000 0000 0000 0000 0000 0000
0000 0000 0000 0000 0000 0000 0000 0000 0000 0000 0000 0000 0000 0000 0000 0000
0000 0110 1010 0011 0111 0011 0101 0111 0001 1111 0000 1101 

0000 0000 0000 0000 0000 0000 0000 0000 0000 0000 0000 0000 0000 0000 0000 0000
0000 0000 0000 0000 0000 0000 0000 0000 0000 0000 0000 0000 0000 0000 0000 0000
0000 0010 1000 0101 0100 0111 0101 0111 0001 1111 0000 1101 

0000 0000 0000 0000 0000 0000 0000 0000 0000 0000 0000 0000 0000 0000 0000 0000
0000 0000 0000 0000 0000 0000 0000 0000 0000 0000 0000 0000 0000 0000 0000 0000
0000 0000 1001 0110 0101 1101 0101 0111 0001 1111 0000 1101 

0000 0000 0000 0000 0000 0000 0000 0000 0000 0000 0000 0000 0000 0000 0000 0000
0000 0000 0000 0000 0000 0000 0000 0000 0000 0000 0000 0000 0000 0000 0000 0000
0000 0000 0001 0010 1001 1011 1101 0111 0001 1111 0000 1101 

0000 0000 0000 0000 0000 0000 0000 0000 0000 0000 0000 0000 0000 0000 0000 0000
0000 0000 0000 0000 0000 0000 0000 0000 0000 0000 0000 0000 0000 0000 0000 0000
0000 0000 0000 0010 0000 0011 0000 0111 0001 1111 0000 1101 

0000 0000 0000 0000 0000 0000 0000 0000 0000 0000 0000 0000 0000 0000 0000 0000
0000 0000 0000 0000 0000 0000 0000 0000 0000 0000 0000 0000 0000 0000 0000 0000
0000 0000 0000 0000 0001 0000 0001 1101 0001 1111 0000 1101 

0000 0000 0000 0000 0000 0000 0000 0000 0000 0000 0000 0000 0000 0000 0000 0000
0000 0000 0000 0000 0000 0000 0000 0000 0000 0000 0000 0000 0000 0000 0000 0000
0000 0000 0000 0000 0000 0000 1000 0101 1100 1111 0000 1101 

0000 0000 0000 0000 0000 0000 0000 0000 0000 0000 0000 0000 0000 0000 0000 0000
0000 0000 0000 0000 0000 0000 0000 0000 0000 0000 0000 0000 0000 0000 0000 0000
0000 0000 0000 0000 0000 0000 0000 0001 0000 1001 1000 1101 

0000 0000 0000 0000 0000 0000 0000 0000 0000 0000 0000 0000 0000 0000 0000 0000
0000 0000 0000 0000 0000 0000 0000 0000 0000 0000 0000 0000 0000 0000 0000 0000
0000 0000 0000 0000 0000 0000 0000 0000 0000 0000 0000 0000 
The computed CRC for this file is 0000 0000 0000 0000 (bin) = 0000 (hex)
Did the CRC check pass? (Yes or No): Yes.
