0 1 0.399
0 2 0.162
0 3 0.185
0 4 0.414
0 5 0.276
0 6 0.297
0 7 0.388
0 8 2.985
0 9 0.877
0 10 0.432
0 11 0.461
0 12 0.491
0 13 0.557
0 14 0.532
0 15 0.632
0 16 0.583
0 17 0.605
0 18 0.696
0 19 0.705
0 20 0.742
0 21 0.703
0 22 0.762
0 23 0.801
0 24 0.871
0 25 0.911
0 26 0.947
0 27 0.953
0 28 0.979
0 29 1.082
0 30 1.049
0 31 1.092
0 32 1.224
1 1 0.073
1 2 0.106
1 3 0.143
1 4 0.161
1 5 0.226
1 6 0.28
1 7 0.299
1 8 0.31
1 9 0.357
1 10 0.414
1 11 0.389
1 12 0.47
1 13 0.479
1 14 0.559
1 15 0.547
1 16 0.881
1 17 0.683
1 18 0.702
1 19 1.192
1 20 0.75
1 21 2.127
1 22 0.779
1 23 0.982
1 24 1.46
1 25 1.124
1 26 1.67
1 27 1.295
1 28 3.216
1 29 1.19
1 30 1.544
1 31 1.077
1 32 1.749
2 1 0.085
2 2 0.126
2 3 0.161
2 4 0.247
2 5 0.261
2 6 0.344
2 7 0.373
2 8 0.416
2 9 0.433
2 10 0.51
2 11 0.522
2 12 0.589
2 13 0.592
2 14 0.627
2 15 0.756
2 16 0.751
2 17 0.803
2 18 0.829
2 19 0.861
2 20 0.966
2 21 1.071
2 22 5.093
2 23 1.033
2 24 1.068
2 25 1.494
2 26 1.34
2 27 1.421
2 28 1.753
2 29 6.566
2 30 1.324
2 31 1.445
2 32 2.145
0 1 0.081
0 2 0.126
0 3 0.098
0 4 0.3
0 5 0.181
0 6 0.308
0 7 0.401
0 8 0.37
0 9 0.399
0 10 0.427
0 11 0.454
0 12 0.507
0 13 0.557
0 14 1.051
0 15 0.63
0 16 0.648
0 17 1.377
0 18 0.717
0 19 0.802
0 20 0.781
0 21 0.882
0 22 0.945
0 23 0.915
0 24 1.312
0 25 1.266
0 26 1.158
0 27 1.19
0 28 1.217
0 29 1.679
0 30 1.284
0 31 1.349
0 32 1.275
1 1 0.075
1 2 0.112
1 3 0.146
1 4 0.18
1 5 0.898
1 6 0.286
1 7 0.288
1 8 0.393
1 9 0.405
1 10 0.426
1 11 0.486
1 12 1.252
1 13 0.577
1 14 0.631
1 15 0.613
1 16 1.08
1 17 0.693
1 18 0.661
1 19 0.815
1 20 1.132
1 21 0.864
1 22 0.914
1 23 1.643
1 24 1.082
1 25 1.07
1 26 1.04
1 27 1.108
1 28 1.171
1 29 1.173
1 30 1.797
1 31 1.284
1 32 1.997
2 1 0.092
2 2 0.129
2 3 0.226
2 4 0.221
2 5 0.251
2 6 0.322
2 7 0.458
2 8 0.505
2 9 0.594
2 10 0.503
2 11 0.537
2 12 0.602
2 13 0.623
2 14 0.704
2 15 0.632
2 16 1.085
2 17 0.815
2 18 0.865
2 19 0.939
2 20 1.169
2 21 0.971
2 22 1.075
2 23 1.109
2 24 1.114
2 25 1.14
2 26 2.009
2 27 1.221
2 28 1.614
2 29 1.105
2 30 92.561
2 31 1.628
2 32 1.612
0 1 0.075
0 2 0.124
0 3 0.155
0 4 0.196
0 5 0.202
0 6 0.285
0 7 0.288
0 8 0.334
0 9 0.332
0 10 0.422
0 11 0.438
0 12 0.713
0 13 0.542
0 14 0.525
0 15 0.617
0 16 0.592
0 17 0.694
0 18 0.672
0 19 0.785
0 20 0.696
0 21 0.797
0 22 0.827
0 23 1.033
0 24 1.036
0 25 0.915
0 26 0.988
0 27 0.968
0 28 1.007
0 29 1.041
0 30 1.126
0 31 1.111
0 32 1.851
1 1 0.081
1 2 0.138
1 3 0.137
1 4 0.167
1 5 0.204
1 6 0.27
1 7 0.619
1 8 0.347
1 9 0.359
1 10 0.395
1 11 0.43
1 12 0.457
1 13 0.497
1 14 1.035
1 15 0.557
1 16 0.578
1 17 0.65
1 18 0.651
1 19 0.687
1 20 0.716
1 21 0.788
1 22 0.869
1 23 1.573
1 24 0.907
1 25 0.922
1 26 0.943
1 27 0.969
1 28 1.174
1 29 1.791
1 30 1.571
1 31 1.266
1 32 1.16
2 1 0.08
2 2 0.111
2 3 0.149
2 4 0.21
2 5 0.245
2 6 0.248
2 7 0.28
2 8 0.324
2 9 0.381
2 10 0.42
2 11 0.551
2 12 0.486
2 13 0.545
2 14 0.554
2 15 1.046
2 16 0.661
2 17 0.701
2 18 0.698
2 19 0.731
2 20 11.341
2 21 2.443
2 22 0.878
2 23 0.896
2 24 0.932
2 25 0.989
2 26 1.021
2 27 1.106
2 28 1.125
2 29 1.113
2 30 0.99
2 31 1.227
2 32 1.825