0 1 0.119
0 2 0.102
0 3 0.168
0 4 0.159
0 5 0.201
0 6 0.267
0 7 0.269
0 8 0.357
0 9 0.357
0 10 0.394
0 11 0.503
0 12 0.453
0 13 0.509
0 14 0.522
0 15 0.603
0 16 1.031
0 17 0.659
0 18 0.747
0 19 0.904
0 20 1.078
0 21 1.869
0 22 1.261
0 23 0.874
0 24 0.838
0 25 0.908
0 26 0.927
0 27 1.617
0 28 1.086
0 29 1.028
0 30 1.114
0 31 1.172
0 32 1.168
1 1 0.069
1 2 0.103
1 3 0.17
1 4 0.159
1 5 0.211
1 6 0.253
1 7 0.261
1 8 0.352
1 9 0.364
1 10 0.361
1 11 0.405
1 12 0.508
1 13 0.504
1 14 0.559
1 15 0.536
1 16 0.647
1 17 0.651
1 18 0.712
1 19 0.779
1 20 0.734
1 21 0.761
1 22 0.816
1 23 1.255
1 24 0.864
1 25 0.935
1 26 0.949
1 27 0.999
1 28 0.912
1 29 1.055
1 30 1.204
1 31 1.171
1 32 1.117
2 1 0.081
2 2 0.121
2 3 0.182
2 4 0.199
2 5 0.242
2 6 0.329
2 7 0.331
2 8 0.348
2 9 0.436
2 10 1.432
2 11 0.615
2 12 0.557
2 13 1.035
2 14 3.239
2 15 0.929
2 16 1.017
2 17 0.631
2 18 0.915
2 19 0.95
2 20 1.046
2 21 1.035
2 22 1.087
2 23 1.166
2 24 1.119
2 25 1.489
2 26 1.808
2 27 1.623
2 28 1.514
2 29 8.845
2 30 1.811
2 31 6.706
2 32 1.44
0 1 0.075
0 2 0.193
0 3 0.147
0 4 0.175
0 5 0.414
0 6 0.287
0 7 0.342
0 8 0.353
0 9 0.422
0 10 0.43
0 11 0.483
0 12 0.511
0 13 0.494
0 14 0.572
0 15 0.72
0 16 1.146
0 17 0.749
0 18 0.738
0 19 0.752
0 20 0.882
0 21 1.168
0 22 1.183
0 23 1.131
0 24 1.425
0 25 1.316
0 26 1.049
0 27 1.069
0 28 1.109
0 29 1.522
0 30 1.29
0 31 1.227
0 32 1.699
1 1 0.079
1 2 0.132
1 3 0.145
1 4 0.179
1 5 0.216
1 6 0.309
1 7 0.263
1 8 0.358
1 9 0.39
1 10 0.431
1 11 0.474
1 12 0.725
1 13 0.559
1 14 0.6
1 15 0.616
1 16 0.631
1 17 0.833
1 18 1.222
1 19 0.872
1 20 0.806
1 21 1.323
1 22 1.068
1 23 0.953
1 24 0.97
1 25 1.93
1 26 1.104
1 27 1.585
1 28 1.269
1 29 1.202
1 30 1.216
1 31 1.209
1 32 1.335
2 1 0.184
2 2 0.127
2 3 0.166
2 4 0.2
2 5 0.257
2 6 0.303
2 7 0.37
2 8 0.475
2 9 0.459
2 10 0.501
2 11 0.541
2 12 0.666
2 13 0.773
2 14 0.709
2 15 0.755
2 16 0.812
2 17 0.797
2 18 0.853
2 19 0.97
2 20 1.003
2 21 1.453
2 22 1.771
2 23 1.229
2 24 1.192
2 25 1.235
2 26 1.28
2 27 2.537
2 28 1.315
2 29 1.375
2 30 1.365
2 31 1.621
2 32 1.567
0 1 0.073
0 2 0.103
0 3 0.273
0 4 0.212
0 5 0.203
0 6 0.257
0 7 0.265
0 8 0.3
0 9 0.39
0 10 0.425
0 11 0.436
0 12 0.496
0 13 0.568
0 14 0.541
0 15 0.568
0 16 0.563
0 17 0.643
0 18 1.397
0 19 0.705
0 20 0.786
0 21 0.82
0 22 1.108
0 23 0.909
0 24 1.169
0 25 0.922
0 26 0.944
0 27 0.987
0 28 0.958
0 29 1.145
0 30 1.206
0 31 1.178
0 32 1.258
1 1 0.1
1 2 0.149
1 3 0.14
1 4 0.165
1 5 0.206
1 6 0.289
1 7 0.652
1 8 0.993
1 9 0.347
1 10 0.437
1 11 0.418
1 12 0.462
1 13 1.272
1 14 0.672
1 15 0.666
1 16 0.597
1 17 0.617
1 18 0.614
1 19 0.594
1 20 0.717
1 21 0.817
1 22 0.812
1 23 0.849
1 24 0.887
1 25 0.88
1 26 0.944
1 27 0.966
1 28 1.027
1 29 0.997
1 30 1.153
1 31 1.159
1 32 1.157
2 1 0.077
2 2 0.113
2 3 0.187
2 4 0.218
2 5 0.219
2 6 0.282
2 7 0.292
2 8 0.322
2 9 0.396
2 10 0.444
2 11 0.454
2 12 0.543
2 13 0.523
2 14 0.589
2 15 0.593
2 16 0.627
2 17 0.689
2 18 0.858
2 19 0.8
2 20 0.781
2 21 0.829
2 22 0.894
2 23 1.047
2 24 1.001
2 25 1.056
2 26 1.109
2 27 1.202
2 28 1.202
2 29 1.313
2 30 1.282
2 31 1.331
2 32 1.368
