Inital Values				pc	bp	sp
0	inc	0	0	4	1	1	4	0	0	0	0
1	cal	0	0	8	8	5	4	0	0	0	0
8	inc	0	0	4	9	5	8	0	0	0	0	|	0	1	1	2
9	lit	0	0	2	10	5	8	0	0	0	0	|	0	1	1	2
10	lit	1	0	5	11	5	8	0	0	0	0	|	0	1	1	2
11	sub	2	0	1	12	5	8	0	0	0	0	|	0	1	1	2
12	sio	2	0	1	13	5	8	0	0	0	0	|	0	1	1	2
13	rtn	0	0	0	2	1	4	0	0	0	0
2	cal	0	0	14	14	5	4	0	0	0	0
14	inc	0	0	4	15	5	8	0	0	0	0	|	0	1	1	3
15	lit	5	0	5	16	5	8	0	0	0	0	|	0	1	1	3
16	lit	6	0	2	17	5	8	0	0	0	0	|	0	1	1	3
17	mod	5	5	6	18	5	8	0	0	0	0	|	0	1	1	3
18	sto	5	0	0	19	5	8	0	0	0	0	|	1	1	1	3
19	rtn	0	0	0	3	1	4	0	0	0	0
3	lod	0	0	4	4	1	4	0	0	0	0
4	sto	0	0	3	5	1	4	0	0	0	1
5	sio	0	0	1	6	1	4	0	0	0	1
6	cal	0	0	20	20	5	4	0	0	0	1
20	inc	0	0	4	21	5	8	0	0	0	1	|	0	1	1	7
21	lit	15	0	10	22	5	8	0	0	0	1	|	0	1	1	7
22	lit	14	0	12	23	5	8	0	0	0	1	|	0	1	1	7
23	neq	0	14	15	24	5	8	0	0	0	1	|	0	1	1	7
24	sio	0	0	1	25	5	8	0	0	0	1	|	0	1	1	7
25	rtn	0	0	0	7	1	4	0	0	0	1
7	rtn	0	0	0	1	0	0	0	0	0
